name: custom_1
channels:
  - bioconda
  - defaults
dependencies:
  - _libgcc_mutex=0.1=main
  - _openmp_mutex=5.1=1_gnu
  - biopython=1.78=py37h7f8727e_0
  - blas=1.0=openblas
  - blast=2.5.0=hc0b0e79_3
  - boost=1.67.0=py37_4
  - brotli=1.0.9=h5eee18b_7
  - brotli-bin=1.0.9=h5eee18b_7
  - bzip2=1.0.8=h7b6447c_0
  - c-ares=1.19.1=h5eee18b_0
  - ca-certificates=2023.12.12=h06a4308_0
  - capnproto=0.10.4=ha637b67_0
  - cd-hit=4.8.1=h2e03b76_5
  - certifi=2022.12.7=py37h06a4308_0
  - checkm-genome=1.2.2=pyhdfd78af_1
  - checkv=0.7.0=py_1
  - clustalo=1.2.3=0
  - curl=7.88.1=h37d81fd_2
  - cycler=0.11.0=pyhd3eb1b0_0
  - dendropy=4.6.1=pyhdfd78af_0
  - diamond=0.9.24=ha87ae23_0
  - easel=0.48=hec16e2b_1
  - eggnog-mapper=2.1.3=pyhdfd78af_0
  - fastani=1.1=h4ef8376_0
  - fasttree=2.1.11=hec16e2b_1
  - flit-core=3.6.0=pyhd3eb1b0_0
  - fonttools=4.25.0=pyhd3eb1b0_0
  - freetype=2.12.1=h4a9f257_0
  - gawk=5.1.0=h7b6447c_0
  - gdbm=1.18=hd4cb3f1_4
  - giflib=5.2.1=h5eee18b_3
  - gsl=2.4=h14c3975_4
  - gtdbtk=2.1.0=pyhdfd78af_5
  - hmmer=3.1b2=3
  - icu=58.2=he6710b0_3
  - importlib-metadata=4.11.3=py37h06a4308_0
  - jpeg=9e=h5eee18b_1
  - kiwisolver=1.4.4=py37h6a678d5_0
  - kma=1.3.23=h5bf99c6_0
  - krb5=1.20.1=h568e23c_1
  - lcms2=2.12=h3be6417_0
  - ld_impl_linux-64=2.38=h1181459_1
  - libboost=1.67.0=h46d08c1_4
  - libbrotlicommon=1.0.9=h5eee18b_7
  - libbrotlidec=1.0.9=h5eee18b_7
  - libbrotlienc=1.0.9=h5eee18b_7
  - libcurl=7.88.1=h91b91d3_2
  - libdeflate=1.0=h14c3975_1
  - libedit=3.1.20230828=h5eee18b_0
  - libev=4.33=h7f8727e_1
  - libffi=3.4.4=h6a678d5_0
  - libgcc-ng=11.2.0=h1234567_1
  - libgfortran-ng=7.5.0=ha8ba4b0_17
  - libgfortran4=7.5.0=ha8ba4b0_17
  - libgomp=11.2.0=h1234567_1
  - libidn2=2.3.4=h5eee18b_0
  - libnghttp2=1.52.0=ha637b67_1
  - libopenblas=0.3.3=h5a2b251_3
  - libpng=1.6.39=h5eee18b_0
  - libssh2=1.10.0=h37d81fd_2
  - libstdcxx-ng=11.2.0=h1234567_1
  - libtiff=4.2.0=hecacb30_2
  - libunistring=0.9.10=h27cfd23_0
  - libwebp=1.2.4=h11a3e52_1
  - libwebp-base=1.2.4=h5eee18b_1
  - lz4-c=1.9.4=h6a678d5_0
  - mash=2.1=hf69f6b5_1
  - matplotlib-base=3.5.3=py37hf590b9c_0
  - metabat2=2.12.1=1
  - mmseqs2=13.45111=h95f258a_1
  - munkres=1.0.7=py_1
  - ncurses=6.4=h6a678d5_0
  - nomkl=3.0=0
  - numpy=1.21.5=py37h7a5d4dd_2
  - numpy-base=1.21.5=py37hb8be1f0_2
  - openblas=0.3.3=3
  - openblas-devel=0.3.3=3
  - openssl=1.1.1w=h7f8727e_0
  - packaging=22.0=py37h06a4308_0
  - perl=5.34.0=h5eee18b_2
  - pillow=9.4.0=py37h6a678d5_0
  - pip=22.3.1=py37h06a4308_0
  - pplacer=1.1.alpha19=h9ee0642_2
  - prodigal=2.6.3=hec16e2b_4
  - psutil=5.9.0=py37h5eee18b_0
  - py-boost=1.67.0=py37h04863e7_4
  - pyparsing=3.0.9=py37h06a4308_0
  - pysam=0.15.3=py37hda2845c_1
  - python=3.7.16=h7a1cb2a_0
  - python-dateutil=2.8.2=pyhd3eb1b0_0
  - readline=8.2=h5eee18b_0
  - scipy=1.7.3=py37h492baa0_0
  - setuptools=65.6.3=py37h06a4308_0
  - six=1.16.0=pyhd3eb1b0_1
  - sqlite=3.41.2=h5eee18b_0
  - tk=8.6.12=h1ccaba5_0
  - tqdm=4.64.1=py37h06a4308_0
  - typing_extensions=4.4.0=py37h06a4308_0
  - wget=1.21.4=h91b91d3_1
  - wheel=0.38.4=py37h06a4308_0
  - xz=5.2.10=h5eee18b_1
  - zipp=3.11.0=py37h06a4308_0
  - zlib=1.2.13=h5eee18b_0
  - zstd=1.5.5=hc292b87_0
prefix: /users/genomics/gorsini/.conda/envs/custom_1
